Events in the original set that are not in the new set:
   31438 735201.321736
   31439 735201.321736
   31440 735201.321759
   31441 735201.321759
   31442 735201.321829
   31443 735201.321829
   31444 735201.321852
   31445 735201.321852
   31454 735201.327859
   31455 735201.32787
   31456 735201.327986
   31457 735201.329792
   31458 735201.329792
   31459 735201.329826
   31460 735201.329826
   31477 735201.345324
   31478 735201.345324
   31479 735201.345347
   31480 735201.345347
   31481 735201.345451
   31482 735201.345451
   31483 735201.345475
   31484 735201.345475
   31485 735201.346065
   31486 735201.346065
   31495 735201.352998
   31496 735201.352998
   31497 735201.353021
   31498 735201.353021
   31499 735201.353079
   31500 735201.353079
   31501 735201.353102
   31502 735201.353102
   31503 735201.353113
   31504 735201.353113
   31505 735201.35316
   31506 735201.35316
   31507 735201.353171
   31508 735201.353171
   31509 735201.353194
   31510 735201.353194
   31511 735201.353738
   31512 735201.353796
   31513 735201.354167
   31514 735201.354282
   31515 735201.354306
   31516 735201.362326
   31517 735201.362326
   31518 735201.362361
   31519 735201.362361
   31520 735201.362384
   31521 735201.362384
   31522 735201.362454
   31523 735201.362454
   31524 735201.372361
   31525 735201.372361
   31526 735201.372373
   31527 735201.372373
   31528 735201.372558
   31529 735201.372558
   31530 735201.372998
   31531 735201.372998
   31532 735201.373032
   31533 735201.373032
   31534 735201.376262
   31535 735201.376262
   31536 735201.376331
   31537 735201.376331
   31538 735201.376424
   31539 735201.376424
   31540 735201.377477
   31541 735201.377477
   31542 735201.382465
   31543 735201.382465
   31544 735201.3825
   31545 735201.3825
   31546 735201.382523
   31547 735201.382523
   31548 735201.382558
   31549 735201.382558
   31550 735201.382581
   31551 735201.382581
   31552 735201.385394
   31553 735201.385394
   31566 735201.387014
   31567 735201.387037
   31572 735201.392407
   31573 735201.392407
   31574 735201.392419
   31575 735201.392419
   31576 735201.392442
   31577 735201.392442
   31578 735201.392454
   31579 735201.392454
   31580 735201.394803
   31581 735201.394803
   31592 735201.397118
   31593 735201.397118
   31594 735201.401563
   31595 735201.401563
   31596 735201.401586
   31597 735201.401586
   31598 735201.401644
   31599 735201.401644
   31600 735201.406701
   31601 735201.406701
   31602 735201.406713
   31603 735201.406713
   31604 735201.410139
   31605 735201.410139
   31606 735201.411273
   31607 735201.411273
   31608 735201.411968
   31609 735201.411968
   31610 735201.414132
   31611 735201.414132
   31612 735201.41419
   31613 735201.41419
   31614 735201.414468
   31615 735201.414468
   31622 735201.420995
   31623 735201.420995
   31624 735201.421053
   31625 735201.421053
   31626 735201.424549
   31627 735201.424549
   31628 735201.424572
   31629 735201.424572
   31630 735201.424653
   31631 735201.424653
   31632 735201.424664
   31633 735201.424664
   31640 735201.493032
   31641 735201.493032
   31643 735201.49309
   31644 735201.49309
   31645 735201.493113
   31646 735201.493113
   31647 735201.493171
   31648 735201.493171
   31649 735201.493194
   31650 735201.493194
   31651 735201.493218
   31652 735201.493218
   31653 735201.493229
   31654 735201.493229
   31660 735201.500914
   31661 735201.500914
   31662 735201.501007
   31663 735201.501007
   31664 735201.501065
   31665 735201.501065
   31666 735201.501088
   31667 735201.501088
   31668 735201.501759
   31669 735201.501759
   31680 735201.504421
   31681 735201.504421
   31682 735201.506505
   31683 735201.506505
   31684 735201.506597
   31685 735201.506597
   31698 735201.510359
   31699 735201.510359
   31700 735201.511123
   31701 735201.511123
   31702 735201.514595
   31703 735201.514595
   31704 735201.514606
   31705 735201.514606
   31706 735201.517106
   31707 735201.517106
   31708 735201.517396
   31709 735201.517396
   31714 735201.519745
   31715 735201.519745
   31716 735201.521192
   31717 735201.521192
   31718 735201.522488
   31719 735201.522488
   31724 735201.530278
   31725 735201.530278
   31726 735201.530336
   31727 735201.530336
   31728 735201.533183
   31729 735201.533183
   31730 735201.535475
   31731 735201.535475
   31732 735201.535579
   31733 735201.535579
   31734 735201.535995
   31735 735201.535995
   31736 735201.536123
   31737 735201.536192
   31738 735201.536273
   31747 735201.539931
   31748 735201.539931
   31749 735201.539942
   31750 735201.539942
   31751 735201.545532
   31752 735201.545532
   31753 735201.547269
   31754 735201.547269
   31755 735201.547303
   31756 735201.547303
   31757 735201.54816
   31758 735201.54816
   31759 735201.548194
   31760 735201.548194
   31761 735201.548241
   31762 735201.548241
   31763 735201.550937
   31764 735201.550937
   31765 735201.551273
   31766 735201.551273
   31767 735201.551829
   31768 735201.551863
   31769 735201.554074
   31770 735201.554074
   31773 735201.554155
   31774 735201.554155
   31775 735201.554178
   31776 735201.554178
   31781 735201.559016
   31782 735201.559016
   31783 735201.559086
   31784 735201.559086
   31785 735201.559248
   31786 735201.559248
   31787 735201.567106
   31788 735201.567106
   31789 735201.567118
   31790 735201.567118
   31791 735201.567141
   31792 735201.567141
   31793 735201.567164
   31794 735201.567164
   31795 735201.567176
   31796 735201.567176
   31797 735201.567222
   31798 735201.567222
   31799 735201.567257
   31800 735201.567257
   31801 735201.567292
   31802 735201.567292
   31803 735201.567361
   31804 735201.567361
   31811 735201.571782
   31812 735201.571782
   31813 735201.57184
   31814 735201.57184
   31815 735201.57191
   31816 735201.57191
   31828 735201.601586
   31829 735201.601586
   31830 735201.602512
   31831 735201.602512
   31832 735201.602546
   31833 735201.602546
   31834 735201.602558
   31835 735201.602558
   31836 735201.602593
   31837 735201.602593
   31838 735201.602627
   31839 735201.602627
   31840 735201.602639
   31841 735201.602639
   31842 735201.602662
   31843 735201.602662
   31844 735201.602674
   31845 735201.602674
   31856 735201.606435
   31857 735201.606435
   31858 735201.606493
   31859 735201.606493
   31860 735201.606539
   31861 735201.606539
   31862 735201.607546
   31863 735201.608507
   31864 735201.608519
   31865 735201.611852
   31866 735201.611852
   31881 735201.615278
   31882 735201.615278
   31883 735201.615347
   31884 735201.615347
   31885 735201.620208
   31886 735201.620208
   31887 735201.620255
   31888 735201.620255
   31889 735201.620417
   31890 735201.620417
   31891 735201.631458
   31892 735201.631458
   31893 735201.631505
   31894 735201.631505
   31895 735201.631539
   31896 735201.631539
   31897 735201.631574
   31898 735201.631574
   31899 735201.631609
   31900 735201.631609
   31903 735201.66206
   31904 735201.66206
   31905 735201.662106
   31906 735201.662106
   31907 735201.662118
   31908 735201.662118
   31909 735201.662188
   31910 735201.662188
   31911 735201.662211
   31912 735201.662211
   31913 735201.662222
   31914 735201.662222
   31915 735201.66228
   31916 735201.66228
   31917 735201.664641
   31918 735201.664641
   31919 735201.664676
   31920 735201.664676
   31921 735201.664711
   31922 735201.664711
   31923 735201.664734
   31924 735201.664734
   31925 735201.664769
   31926 735201.664769
   31927 735201.664792
   31928 735201.664792
   31929 735201.664815
   31930 735201.664815
   31931 735201.664826
   31932 735201.664826
   31933 735201.66485
   31934 735201.66485
   31935 735201.685116
   31936 735201.685116
   31937 735201.685197
   31938 735201.685197
   31939 735201.68522
   31940 735201.68522
   31941 735201.685255
   31942 735201.685255
   31943 735201.685312
   31944 735201.685312
   31945 735201.685336
   31946 735201.685336
   31947 735201.685347
   31948 735201.685347
   31949 735201.68537
   31950 735201.68537
   31951 735201.68625
   31952 735201.686331
   31953 735201.686458
   31954 735201.686516
   31955 735201.697292
   31956 735201.697292
   31957 735201.69735
   31958 735201.69735
   31959 735201.698044
   31960 735201.698044
   31965 735201.700208
   31966 735201.700208
   31969 735201.700324
   31970 735201.700324
   31974 735201.701331
   31975 735201.701412
   31976 735201.703958
   31977 735201.704016
   31978 735201.704097
   31979 735201.70537
   31980 735201.70537
   31981 735201.707222
   31982 735201.707523
   31983 735201.707569
   31984 735201.707778
   31985 735201.707778
   31986 735201.709225
   31987 735201.709236
   31988 735201.709271
   31989 735201.710197
   31990 735201.717315
   31991 735201.717315
   31992 735201.717836
   31993 735201.717836
   31994 735201.717847
   31995 735201.717847
   31996 735201.72235
   31997 735201.72235
   31998 735201.722373
   31999 735201.722373
   32000 735201.723611
   32001 735201.723611
   32002 735201.730556
   32003 735201.730556
   32004 735201.730926
   32005 735201.731146
   32006 735201.736586
   32007 735201.736586
   32008 735201.736667
   32009 735201.736667
   32010 735201.74265
   32011 735201.742743
   32012 735201.749086
   32013 735201.749086
   32014 735201.74912
   32015 735201.74912
   32016 735201.750984
   32017 735201.751019
   32020 735201.767384
   32021 735201.767384
   32022 735201.767419
   32023 735201.767419
   32030 735201.779502
   32031 735201.779502
   32032 735201.780822
   32033 735201.780822
   32034 735201.785949
   32035 735201.785949
   32036 735201.785961
   32037 735201.785961
   32040 735201.786019
   32041 735201.786076
   32042 735201.786076
   32043 735201.7861
   32044 735201.786123
   32045 735201.786238
   32046 735201.786238
   32047 735201.808345
   32048 735201.808345
   32051 735201.808403
   32052 735201.808403
   32059 735201.810995
   32060 735201.810995
